0	518	547	762	516	491	486	634	568	522	470	590	890	882	163	563	595	637	390	207	939	290	307	460	447	904	610	641	271	885	641	331	605	515	774	408	861	420	324	647	204	271	857	631	316	514	441	167	398	291	425	126	605	117	416	508	516	673	191	647	196	253	419	869	251	273	676	447	323	352	296	577	348	482	271	470	875	726	394	297	819	829	576	541	374	356	517	816	383	563	411	304	851	803	425	626	215	649	911	420	786	390	215	215	258	529	329	802	775	630	443	784	211	529	688	393	638	236	715	320	
518	0	347	740	790	339	466	234	418	125	771	768	481	581	405	778	174	720	332	493	523	455	520	106	197	506	197	698	333	518	455	484	694	105	781	334	466	359	659	186	648	500	922	604	633	236	439	355	769	403	387	573	87	403	256	87	371	288	683	663	329	296	280	480	691	749	481	374	243	532	550	166	401	194	716	60	907	730	823	243	620	744	383	323	578	541	449	506	884	645	107	791	981	600	402	226	398	249	561	130	370	504	345	497	465	515	493	816	755	249	105	803	453	306	761	720	459	603	843	806	
547	347	0	426	551	634	174	207	733	345	551	478	411	352	439	506	452	402	583	535	458	614	653	328	495	415	279	375	513	372	156	324	379	379	439	183	371	620	691	315	590	620	583	281	674	201	686	442	585	264	658	515	378	468	539	424	678	200	623	328	443	465	128	349	579	655	156	109	461	320	375	511	214	513	601	369	565	388	670	432	308	402	707	24	356	327	126	277	802	334	322	702	654	289	671	199	396	191	384	306	332	283	371	427	384	195	658	474	440	177	405	461	455	129	434	520	160	604	527	712	
762	740	426	0	429	1005	321	578	1110	738	464	297	661	409	700	350	845	165	937	768	686	914	932	718	875	641	672	138	845	536	329	483	186	772	95	496	614	974	872	699	723	895	228	172	862	594	1030	739	562	490	1014	674	771	744	910	817	1053	540	744	115	754	798	481	557	658	730	291	388	817	412	477	905	439	897	669	760	172	44	665	781	256	99	1088	417	402	409	300	422	855	209	704	771	303	263	1025	570	646	556	510	683	646	395	655	614	585	271	955	130	96	559	787	117	678	522	141	501	329	783	237	773	
516	790	551	429	0	924	418	743	1030	791	262	404	937	769	528	386	901	336	829	539	980	733	708	740	839	935	791	333	713	854	569	324	305	809	436	490	892	863	565	834	401	674	485	372	569	677	887	593	155	392	901	390	860	563	840	836	974	744	401	342	618	681	524	861	302	353	569	449	732	258	257	928	390	871	300	777	453	385	250	694	635	528	1026	565	212	249	425	745	449	255	705	381	364	630	906	737	482	732	852	690	876	290	522	406	395	394	757	471	437	714	780	458	485	628	385	222	560	500	453	378	
491	339	634	1005	924	0	703	556	108	343	888	946	777	914	412	939	314	942	152	464	820	294	356	329	162	805	468	931	257	850	750	612	911	306	1036	512	775	115	573	477	643	370	1165	858	550	458	140	339	845	553	75	583	384	374	95	254	50	623	661	909	307	243	525	816	716	744	786	617	195	684	668	234	586	145	737	284	1161	985	860	233	935	1031	105	618	728	693	705	839	845	861	313	773	1197	915	89	561	445	584	896	336	664	672	404	544	534	754	299	1071	1020	562	249	1057	468	519	991	818	754	572	1052	789	
486	466	174	321	418	703	0	369	808	466	401	329	560	432	404	369	579	261	632	484	603	614	636	430	581	558	437	258	540	490	193	251	230	494	333	200	515	669	621	477	497	599	465	203	605	331	724	439	435	195	709	423	518	446	608	533	751	364	520	206	450	492	188	490	457	534	218	92	512	181	247	626	139	604	477	474	458	282	527	476	341	352	790	186	206	185	48	390	679	180	411	581	516	328	720	362	351	353	497	390	496	219	355	357	315	117	656	368	334	339	494	354	393	271	310	370	186	533	378	589	
634	234	207	578	743	556	369	0	638	230	736	684	272	362	518	709	297	604	542	616	321	628	687	250	409	288	115	573	508	298	268	483	584	268	623	293	248	571	783	137	718	659	775	466	758	139	650	494	766	406	601	640	209	527	470	307	591	68	754	528	472	465	238	268	731	802	293	294	431	502	545	372	375	414	755	272	749	580	840	416	416	562	602	183	544	510	332	287	949	540	267	849	854	396	616	8	487	31	341	260	168	468	447	556	514	401	670	658	592	31	317	651	547	133	634	705	277	708	729	860	
568	418	733	1110	1030	108	808	638	0	422	994	1054	842	999	518	1047	365	1050	207	540	882	361	422	416	243	872	545	1036	326	926	848	720	1019	384	1141	617	844	181	640	548	731	437	1270	963	617	547	199	445	948	661	143	683	449	476	200	331	58	705	755	1014	413	349	629	890	815	839	884	722	303	792	774	284	694	225	836	371	1266	1090	959	341	1030	1134	45	716	836	801	810	924	931	969	411	865	1305	1010	146	644	551	667	974	434	732	780	510	650	640	859	364	1176	1125	648	337	1162	570	616	1098	924	852	640	1160	881	
522	125	345	738	791	343	466	230	422	0	773	768	477	577	409	779	171	720	337	497	519	460	525	111	202	502	193	698	338	513	453	486	694	110	779	335	462	364	663	182	652	505	921	604	638	241	444	359	771	405	392	577	83	407	261	91	375	283	687	662	334	301	280	475	694	753	478	374	248	533	552	169	402	198	719	65	905	728	826	248	617	741	387	321	579	542	449	502	888	645	111	795	981	597	407	222	402	245	556	134	366	505	349	501	469	515	498	814	753	245	110	801	457	311	761	722	457	607	843	810	
470	771	551	464	262	888	401	736	994	773	0	388	941	791	497	338	880	358	792	493	984	687	662	718	808	939	777	355	676	866	574	293	327	788	471	474	896	826	515	820	351	628	535	394	519	662	847	562	107	368	863	344	844	523	808	812	938	742	351	370	581	645	510	870	252	303	581	442	700	241	226	903	374	841	250	754	499	420	205	662	657	562	992	563	195	232	429	757	402	277	681	332	414	652	867	730	451	727	864	667	874	273	491	375	364	408	711	506	472	707	753	493	454	616	407	174	567	451	475	330	
590	768	478	297	404	946	329	684	1054	768	388	0	849	659	565	338	881	230	858	602	888	780	776	726	847	841	745	227	746	755	463	339	199	794	304	473	802	894	667	786	507	739	381	266	659	639	931	626	281	394	934	469	828	610	859	824	996	673	506	219	651	709	488	765	408	470	470	400	751	262	294	917	373	875	412	765	325	253	381	713	516	396	1045	501	222	254	352	642	578	149	694	504	267	514	942	677	516	668	749	678	802	298	549	443	432	288	814	339	305	654	775	326	522	579	279	348	454	579	347	504	
890	481	411	661	937	777	560	272	842	477	941	849	0	282	774	889	482	741	780	872	237	887	948	506	638	192	371	704	765	146	413	722	732	490	709	540	173	806	1039	393	972	922	858	595	1016	395	887	750	987	652	834	894	394	791	703	524	804	219	1008	652	735	724	485	108	977	1050	383	511	684	723	777	558	610	632	999	508	817	677	1072	673	417	600	800	387	759	729	512	239	1197	700	522	1097	960	403	849	264	742	259	199	516	275	685	703	805	762	581	928	738	671	286	553	738	802	384	757	923	421	963	858	1108	
882	581	352	409	769	914	432	362	999	577	791	659	282	0	776	703	654	530	886	872	303	946	989	591	767	258	459	492	836	189	252	645	532	615	456	517	239	919	1022	469	917	957	600	406	1005	464	994	778	857	595	955	844	566	806	825	668	952	295	948	440	775	788	465	174	889	966	214	435	770	613	679	732	540	775	909	630	555	439	955	748	153	336	964	341	635	617	386	75	1111	514	611	1013	710	148	969	355	732	332	182	590	335	577	708	758	715	426	990	481	417	352	673	483	788	413	531	793	252	935	631	1021	
163	405	439	700	528	412	404	518	518	409	497	565	774	776	0	546	490	595	316	136	823	219	236	347	358	790	504	592	200	777	547	291	562	406	718	327	747	349	302	535	259	200	819	552	277	443	370	96	434	210	381	181	492	46	339	403	460	559	282	588	105	170	311	757	312	356	581	353	235	308	271	480	265	393	336	361	829	668	455	203	727	755	516	435	343	315	432	710	483	514	298	394	828	710	386	510	144	533	803	321	670	329	144	222	224	448	258	751	714	524	352	735	140	421	644	441	544	249	685	410	
563	778	506	350	386	939	369	709	1047	779	338	338	889	703	546	0	890	270	848	583	928	761	755	730	844	881	763	267	733	795	503	328	239	799	357	477	842	883	629	804	465	720	421	306	627	655	914	611	231	391	922	437	842	591	852	828	989	702	465	268	638	699	502	805	366	424	510	418	744	256	275	921	377	875	368	769	375	306	329	706	565	449	1038	526	211	247	380	684	527	189	699	456	300	562	928	701	500	693	789	682	832	289	538	424	413	328	795	392	358	679	779	379	503	597	319	298	494	547	387	454	
595	174	452	845	901	314	579	297	365	171	880	881	482	654	490	890	0	833	338	568	524	496	565	177	201	511	198	810	377	565	556	593	807	140	886	427	483	355	727	187	738	552	1033	716	701	277	434	428	875	512	373	665	88	478	253	87	329	360	771	774	399	352	393	530	787	842	578	487	287	643	658	81	513	169	812	131	1015	839	922	301	711	845	323	428	689	652	561	580	972	758	203	882	1094	691	388	304	490	327	615	218	371	616	437	591	560	628	531	922	860	318	152	912	543	344	873	828	563	681	956	898	
637	720	402	165	336	942	261	604	1050	720	358	230	741	530	595	270	833	0	864	646	777	812	818	684	828	731	677	142	758	636	364	366	131	748	172	439	693	901	734	714	584	780	294	152	726	583	946	645	398	395	941	536	771	639	850	787	992	583	595	90	664	717	442	651	503	573	358	346	747	287	341	880	356	854	512	728	238	121	501	709	385	264	1036	423	263	281	276	522	693	81	663	611	261	385	950	596	542	590	622	644	710	283	562	488	467	220	851	207	173	576	746	194	560	515	196	381	354	646	279	621	
390	332	583	937	829	152	632	542	207	337	792	858	780	886	316	848	338	864	0	363	826	296	358	318	152	805	461	853	197	835	702	520	833	312	965	442	771	117	524	481	542	353	1088	788	499	422	141	243	745	470	77	481	397	273	85	263	149	605	559	837	211	149	465	805	613	641	739	550	122	596	574	280	508	171	635	272	1089	914	757	156	890	972	208	570	637	604	639	811	743	783	275	670	1114	870	88	543	349	566	878	298	665	589	310	448	438	682	301	1000	953	540	239	985	367	481	913	722	705	476	969	686	
207	493	535	768	539	464	484	616	540	497	493	602	872	872	136	583	568	646	363	0	921	263	280	436	418	888	583	649	244	873	636	354	614	488	782	383	845	393	346	620	227	244	869	631	321	487	414	140	422	289	397	149	580	90	387	481	487	657	220	653	169	224	407	855	278	302	671	442	294	360	308	550	346	453	298	443	884	732	421	270	815	831	547	531	386	365	515	806	412	571	387	333	866	799	397	608	188	631	899	393	768	398	188	238	268	527	302	810	781	603	416	792	184	505	697	416	633	259	727	349	
939	523	458	686	980	820	603	321	882	519	984	888	237	303	823	928	524	777	826	921	0	935	997	555	682	213	420	739	813	167	434	769	768	532	734	589	194	851	1088	442	1021	971	883	631	1065	444	932	799	1033	700	878	943	436	840	748	568	845	268	1057	687	784	773	534	129	1024	1098	419	558	731	769	824	598	657	675	1046	554	841	707	1119	721	439	623	840	434	804	776	555	264	1245	739	570	1145	989	427	893	313	791	308	220	565	296	732	752	854	811	624	976	763	696	335	599	763	851	433	790	968	443	1012	892	1156	
290	455	614	914	733	294	614	628	361	460	687	780	887	946	219	761	496	812	296	263	935	0	363	408	324	908	571	809	211	918	729	448	779	438	934	446	870	259	429	600	421	327	1037	766	404	500	268	203	616	424	219	343	534	173	257	409	317	688	399	804	171	163	486	892	470	483	767	550	212	527	486	450	475	341	488	395	1047	884	611	214	919	966	379	607	560	534	635	874	570	732	365	506	1045	900	215	631	271	649	957	381	773	530	271	349	351	660	368	966	928	622	353	950	267	541	862	610	730	376	903	522	
307	520	653	932	708	356	636	687	422	525	662	776	948	989	236	755	565	818	358	280	997	363	0	471	396	967	633	819	272	969	768	465	785	505	948	483	927	321	446	663	392	344	1042	784	421	557	329	240	589	442	281	318	601	190	329	478	381	743	356	818	215	224	525	947	436	439	804	580	279	531	482	521	497	412	452	461	1055	898	572	277	954	987	442	648	560	537	662	920	513	741	427	457	1042	936	276	687	288	704	1004	442	835	547	288	366	368	680	402	980	946	676	420	962	284	586	869	585	767	393	901	473	
460	106	328	718	740	329	430	250	416	111	718	726	506	591	347	730	177	684	318	436	555	408	471	0	183	522	235	663	286	534	436	431	657	91	751	276	482	337	602	244	590	451	891	573	577	196	418	297	714	350	364	515	145	346	234	104	364	304	625	632	274	247	242	504	634	691	469	338	200	482	496	196	353	191	658	46	878	701	766	194	615	726	385	304	528	491	418	516	826	607	49	733	945	595	379	242	340	265	577	72	402	456	287	439	407	479	449	787	733	265	91	774	395	255	726	666	440	545	805	748	
447	197	495	875	839	162	581	409	243	202	808	847	638	767	358	844	201	828	152	418	682	324	396	183	0	665	326	814	214	704	609	534	797	167	908	400	635	170	568	337	602	389	1044	730	543	313	251	286	781	453	196	539	248	333	67	114	185	476	634	785	254	194	394	672	670	711	645	489	124	588	582	137	475	35	694	137	1035	858	812	155	792	896	213	477	633	597	575	692	830	747	173	747	1086	772	211	414	378	437	749	196	525	572	329	483	464	630	350	944	890	415	147	931	415	379	877	749	613	532	943	762	
904	506	415	641	935	805	558	288	872	502	939	841	192	258	790	881	511	731	805	888	213	908	967	522	665	0	387	693	787	122	389	727	722	519	689	550	149	832	1053	408	982	940	838	585	1031	411	912	766	988	660	860	904	423	807	730	551	833	231	1018	641	753	745	495	84	982	1057	373	515	706	725	781	588	615	660	1004	533	797	661	1076	695	396	580	830	391	759	732	510	219	1204	692	544	1104	944	383	875	280	754	271	175	532	251	689	718	815	772	579	950	718	651	298	578	718	814	396	745	923	398	975	847	1115	
610	197	279	672	791	468	437	115	545	193	777	745	371	459	504	763	198	677	461	583	420	571	633	235	326	387	0	648	449	387	367	506	654	206	713	322	347	488	749	209	713	611	860	545	724	238	568	454	793	425	518	635	110	493	387	214	499	164	749	607	428	409	267	349	740	806	388	345	364	537	570	273	405	323	765	189	839	665	861	357	515	657	507	255	582	546	401	384	948	609	206	851	933	495	533	107	497	130	437	229	267	504	444	587	544	470	612	749	687	130	234	738	552	232	711	737	376	696	802	864	
641	698	375	138	333	931	258	573	1036	698	355	227	704	492	592	267	810	142	853	649	739	809	819	663	814	693	648	0	751	598	326	365	128	727	145	433	656	890	743	684	592	781	289	114	735	556	939	639	425	388	930	545	744	636	836	766	979	549	610	52	657	707	421	613	521	593	321	325	736	289	349	859	345	836	532	707	238	94	528	698	348	233	1020	393	271	285	249	484	718	78	644	633	286	347	940	565	539	558	584	623	672	280	555	492	468	208	848	180	146	546	727	167	562	488	158	378	316	655	258	644	
271	333	513	845	713	257	540	508	326	338	676	746	765	836	200	733	377	758	197	244	813	211	272	286	214	787	449	751	0	800	631	407	726	316	868	356	749	230	410	478	423	252	983	697	385	382	249	127	626	363	190	362	412	154	162	290	268	570	446	738	95	48	388	774	495	527	669	463	90	484	458	340	406	235	517	273	988	817	639	92	821	885	326	503	524	492	552	764	636	677	243	559	1004	802	196	512	233	531	841	260	651	479	197	330	322	590	253	901	860	504	231	886	248	426	807	604	632	357	859	575	
885	518	372	536	854	850	490	298	926	513	866	755	146	189	777	795	565	636	835	873	167	918	969	534	704	122	387	598	800	0	311	680	632	549	584	521	103	866	1032	381	946	941	731	495	1012	418	943	769	925	620	897	869	477	799	766	596	881	230	980	546	754	755	466	38	935	1011	285	465	725	667	728	646	570	705	957	567	688	558	1017	708	285	469	886	348	696	672	442	114	1158	606	561	1058	838	274	912	292	734	270	129	542	205	633	709	780	737	497	960	611	545	297	612	612	793	395	644	858	318	952	746	1068	
641	455	156	329	569	750	193	268	848	453	574	463	413	252	547	503	556	364	702	636	434	729	768	436	609	389	367	326	631	311	0	405	364	487	366	298	370	738	781	389	675	733	510	250	764	309	804	557	626	354	776	601	468	579	655	531	793	231	704	274	558	583	243	305	648	725	38	194	580	373	438	614	298	625	668	479	482	315	720	550	190	297	819	132	399	377	145	197	870	314	437	772	596	171	788	260	497	271	304	414	363	336	486	516	474	214	773	401	343	283	514	388	547	237	380	561	76	694	480	780	
331	484	324	483	324	612	251	483	720	486	293	339	722	645	291	328	593	366	520	354	769	448	465	431	534	727	506	365	407	680	405	0	333	501	498	198	683	556	403	549	283	429	590	358	395	388	594	325	289	81	596	205	559	275	525	520	662	507	304	368	312	371	245	673	255	331	431	215	417	79	67	612	112	552	277	463	602	447	357	379	560	551	711	336	117	86	260	592	478	287	390	378	599	546	603	480	237	484	696	380	637	117	248	216	201	277	487	526	496	458	469	508	279	355	417	237	398	315	456	388	
605	694	379	186	305	911	230	584	1019	694	327	199	732	532	562	239	807	131	833	614	768	779	785	657	797	722	654	128	726	632	364	333	0	721	193	408	684	870	703	692	552	747	326	154	695	559	914	614	376	363	910	505	746	606	819	760	961	566	566	92	632	685	415	644	476	546	349	320	716	254	309	853	325	823	485	701	270	142	479	678	389	281	1005	402	231	249	253	518	670	50	634	586	289	387	918	576	511	569	624	615	698	252	530	456	434	189	818	228	194	555	717	215	528	492	180	350	355	615	248	597	
515	105	379	772	809	306	494	268	384	110	788	794	490	615	406	799	140	748	312	488	532	438	505	91	167	519	206	727	316	549	487	501	721	0	811	339	491	330	652	195	652	488	952	634	626	221	411	348	783	420	357	578	96	398	227	53	338	321	686	693	322	284	306	511	698	754	514	402	226	551	565	134	422	161	723	45	937	760	832	231	654	777	349	355	597	560	479	540	887	672	112	796	1009	634	372	260	403	283	594	132	379	525	350	502	470	543	476	846	787	283	90	833	457	291	790	735	491	601	870	811	
774	781	439	95	436	1036	333	623	1141	779	471	304	709	456	718	357	886	172	965	782	734	934	948	751	908	689	713	145	868	584	366	498	193	811	0	525	662	1002	878	744	726	910	185	179	869	635	1056	761	550	510	1042	680	813	762	941	854	1084	586	745	130	777	824	514	605	655	725	338	420	845	422	483	944	462	931	665	797	129	51	653	809	303	134	1121	458	406	418	333	470	846	212	738	764	255	310	1053	615	664	603	557	716	693	410	677	625	600	283	974	137	103	603	820	124	693	563	148	508	356	790	244	773	
408	334	183	496	490	512	200	293	617	335	474	473	540	517	327	477	427	439	442	383	589	446	483	276	400	550	322	433	356	521	298	198	408	339	525	0	506	479	544	365	433	447	657	349	524	208	540	307	485	117	519	355	370	293	417	355	560	321	468	398	275	308	55	507	442	512	324	108	321	233	262	448	100	415	466	296	650	474	553	286	474	530	599	176	279	242	197	451	659	358	227	559	697	456	530	287	273	294	547	250	447	203	284	280	237	249	490	560	512	268	310	546	315	165	488	432	299	457	556	570	
861	466	371	614	892	775	515	248	844	462	896	802	173	239	747	842	483	693	771	845	194	870	927	482	635	149	347	656	749	103	370	683	684	491	662	506	0	798	1010	365	938	900	811	547	988	371	878	726	945	616	828	860	395	766	697	521	804	188	974	604	713	707	451	65	938	1013	335	471	670	682	737	562	571	630	960	499	770	628	1032	657	370	553	804	347	716	688	467	192	1160	653	506	1060	911	356	843	240	711	228	156	492	232	645	675	771	728	536	912	691	624	255	544	691	771	353	709	880	373	932	810	1071	
420	359	620	974	863	115	669	571	181	364	826	894	806	919	349	883	355	901	117	393	851	259	321	337	170	832	488	890	230	866	738	556	870	330	1002	479	798	0	538	505	572	335	1125	825	515	455	104	277	775	507	40	509	418	303	103	284	123	636	582	874	245	185	502	835	641	666	775	587	159	632	608	291	545	186	662	299	1126	951	785	193	926	1009	185	606	673	640	676	844	763	820	308	693	1151	906	51	574	383	597	909	331	692	625	346	479	472	719	264	1037	990	573	257	1022	397	514	950	753	742	506	1006	709	
324	659	691	872	565	573	621	783	640	663	515	667	1039	1022	302	629	727	734	524	346	1088	429	446	602	568	1053	749	743	410	1032	781	403	703	652	878	544	1010	538	0	786	201	410	949	740	338	653	547	306	421	427	498	198	745	256	522	640	596	822	165	757	330	375	566	1017	263	240	815	587	444	461	395	700	484	598	270	607	969	833	379	426	954	947	658	687	472	463	652	961	294	666	553	248	921	939	494	775	354	797	1058	559	935	486	354	287	330	652	468	904	884	769	576	886	322	671	784	443	778	282	799	264	
647	186	315	699	834	477	477	137	548	182	820	786	393	469	535	804	187	714	481	620	442	600	663	244	337	408	209	684	478	381	389	549	692	195	744	365	365	505	786	0	754	642	893	581	761	260	586	485	837	468	532	676	99	530	402	223	506	177	790	643	463	439	310	343	783	848	414	386	390	580	614	268	448	332	808	209	870	698	904	386	535	683	508	291	625	589	439	394	989	647	237	893	969	515	547	129	528	152	434	260	289	547	475	627	587	508	640	779	713	152	254	771	583	254	747	780	398	733	839	906	
204	648	590	723	401	643	497	718	731	652	351	507	972	917	259	465	738	584	542	227	1021	421	392	590	602	982	713	592	423	946	675	283	552	652	726	433	938	572	201	754	0	362	798	598	209	601	593	319	257	326	588	78	735	269	577	652	679	753	36	608	348	410	487	936	99	110	703	483	478	319	250	728	377	637	113	607	809	682	233	449	831	803	740	598	321	319	532	862	237	514	541	145	755	817	588	715	253	722	964	542	875	352	306	167	210	517	445	753	734	695	593	735	202	590	635	279	670	153	641	161	
271	500	620	895	674	370	599	659	437	505	628	739	922	957	200	720	552	780	353	244	971	327	344	451	389	940	611	781	252	941	733	429	747	488	910	447	900	335	410	642	362	0	1004	747	385	529	344	204	556	405	295	284	583	154	327	465	393	715	328	780	187	204	492	919	404	412	769	545	265	493	445	514	460	408	421	443	1017	860	542	257	919	950	455	616	522	499	626	889	494	703	405	433	1004	901	291	660	252	676	976	422	811	511	252	330	332	643	366	942	908	648	406	924	248	558	831	551	731	357	864	449	
857	922	583	228	485	1165	465	775	1270	921	535	381	858	600	819	421	1033	294	1088	869	883	1037	1042	891	1044	838	860	289	983	731	510	590	326	952	185	657	811	1125	949	893	798	1004	0	321	941	779	1171	870	569	620	1165	751	961	864	1070	995	1213	740	796	259	889	942	651	754	699	761	493	555	971	511	561	1086	580	1068	704	936	56	195	664	933	447	264	1254	606	483	505	473	619	863	306	875	794	121	457	1174	767	767	750	702	853	848	508	787	710	691	415	1075	149	213	747	957	160	784	708	243	605	500	861	255	792	
631	604	281	172	372	858	203	466	963	604	394	266	595	406	552	306	716	152	788	631	631	766	784	573	730	585	545	114	697	495	250	358	154	634	179	349	547	825	740	581	598	747	321	0	729	462	881	591	477	342	865	542	645	596	763	677	906	440	623	62	605	649	336	507	545	621	212	241	668	279	348	768	291	753	560	619	305	128	579	632	263	208	942	290	280	279	155	381	756	117	560	664	388	258	876	458	498	457	488	538	567	317	507	482	459	218	807	214	180	443	642	201	540	394	168	417	250	651	268	672	
316	633	674	862	569	550	605	758	617	638	519	659	1016	1005	277	627	701	726	499	321	1065	404	421	577	543	1031	724	735	385	1012	764	395	695	626	869	524	988	515	338	761	209	385	941	729	0	628	524	281	425	410	475	190	720	231	497	614	573	800	173	747	304	350	546	996	267	251	798	570	419	450	386	675	467	573	278	581	963	824	390	400	938	936	635	667	464	453	636	942	315	657	528	263	920	922	471	752	329	772	1038	534	912	478	329	279	322	644	443	896	875	744	550	878	314	646	776	447	761	290	791	279	
514	236	201	594	677	458	331	139	547	241	662	639	395	464	443	655	277	583	422	487	444	500	557	196	313	411	238	556	382	418	309	388	559	221	635	208	371	455	653	260	601	529	779	462	628	0	530	374	676	307	491	523	189	397	363	227	495	188	637	520	342	337	153	392	624	691	338	239	309	422	453	312	289	322	649	176	762	585	743	290	483	599	516	177	467	431	307	389	835	509	147	737	841	463	505	131	421	154	461	170	291	390	385	470	427	376	542	671	609	154	221	658	480	256	619	621	313	600	707	749	
441	439	686	1030	887	140	724	650	199	444	847	931	887	994	370	914	434	946	141	414	932	268	329	418	251	912	568	939	249	943	804	594	914	411	1056	540	878	104	547	586	593	344	1171	881	524	530	0	314	789	551	65	517	499	324	184	365	160	713	577	926	282	232	565	913	646	661	842	647	225	671	639	367	594	265	665	379	1176	1005	788	254	994	1069	219	674	709	678	736	919	745	865	383	684	1191	974	53	651	420	674	986	406	772	666	384	500	502	774	271	1089	1045	648	338	1074	418	585	995	774	807	527	1046	700	
167	355	442	739	593	339	439	494	445	359	562	626	750	778	96	611	428	645	243	140	799	203	240	297	286	766	454	639	127	769	557	325	614	348	761	307	726	277	306	485	319	204	870	591	281	374	314	0	508	251	311	253	440	50	266	341	387	539	349	631	32	97	314	742	385	426	594	373	163	366	336	412	300	321	408	303	877	711	529	132	744	789	443	437	404	373	458	709	548	564	248	462	886	726	317	486	148	509	806	267	646	370	134	226	228	485	247	793	754	493	279	777	144	403	694	500	559	253	743	478	
398	769	585	562	155	845	435	766	948	771	107	281	987	857	434	231	875	398	745	422	1033	616	589	714	781	988	793	425	626	925	626	289	376	783	550	485	945	775	421	837	257	556	569	477	425	676	789	508	0	370	812	273	848	472	771	799	894	778	256	461	538	603	529	925	158	199	646	476	664	265	223	887	391	815	151	745	606	518	103	628	738	657	950	600	229	258	483	821	297	365	672	226	519	730	814	761	405	760	928	662	910	302	455	301	320	434	640	564	570	738	737	546	378	639	438	67	617	357	410	223	
291	403	264	490	392	553	195	406	661	405	368	394	652	595	210	391	512	395	470	289	700	424	442	350	453	660	425	388	363	620	354	81	363	420	510	117	616	507	427	468	326	405	620	342	410	307	551	251	370	0	547	251	478	254	465	444	603	434	360	380	269	322	168	610	325	398	388	160	358	135	147	536	57	484	349	386	626	460	436	320	528	545	651	272	181	144	226	539	545	314	313	445	644	512	555	403	156	407	640	299	561	119	167	163	120	238	465	542	504	381	388	526	198	278	444	317	351	340	499	456	
425	387	658	1014	901	75	709	601	143	392	863	934	834	955	381	922	373	941	77	397	878	219	281	364	196	860	518	930	190	897	776	596	910	357	1042	519	828	40	498	532	588	295	1165	865	475	491	65	311	812	547	0	543	443	340	131	310	100	668	613	914	284	225	542	866	674	696	813	627	199	672	647	304	585	205	695	330	1166	991	818	233	964	1049	161	644	713	680	716	880	789	860	344	722	1191	944	15	606	422	628	941	366	720	665	386	515	511	759	224	1077	1030	604	285	1062	434	549	990	790	779	497	1046	738	
126	573	515	674	390	583	423	640	683	577	344	469	894	844	181	437	665	536	481	149	943	343	318	515	539	904	635	545	362	869	601	205	505	578	680	355	860	509	198	676	78	284	751	542	190	523	517	253	273	251	543	0	658	209	518	580	630	675	114	559	285	349	409	859	133	177	634	410	416	263	197	659	304	574	155	534	773	635	277	384	764	749	688	521	274	265	465	789	313	468	466	218	736	751	545	637	175	644	891	464	797	288	228	89	132	454	367	706	686	617	515	688	124	512	586	267	597	110	601	233	
605	87	378	771	860	384	518	209	449	83	844	828	394	566	492	842	88	771	397	580	436	534	601	145	248	423	110	744	412	477	468	559	746	96	813	370	395	418	745	99	735	583	961	645	720	189	499	440	848	478	443	658	0	490	315	134	410	272	769	706	416	379	340	442	775	834	497	428	322	603	625	169	470	239	800	140	942	766	905	326	625	765	409	355	649	612	495	492	970	698	194	876	1029	605	458	217	483	240	527	194	283	573	431	579	544	562	571	849	786	230	181	839	539	256	807	795	475	690	895	891	
117	403	468	744	563	374	446	527	476	407	523	610	791	806	46	591	478	639	273	90	840	173	190	346	333	807	493	636	154	799	579	275	606	398	762	293	766	303	256	530	269	154	864	596	231	397	324	50	472	254	340	209	490	0	309	391	422	578	301	632	80	141	341	779	342	379	615	391	209	354	316	461	307	368	364	353	874	712	486	181	765	798	479	465	389	361	472	740	498	559	297	414	874	747	344	527	98	541	830	303	683	357	98	176	178	492	212	793	758	513	326	777	94	415	689	450	577	203	731	429	
416	256	539	910	840	95	608	470	200	261	808	859	703	825	339	852	253	850	85	387	748	257	329	234	67	730	387	836	162	766	655	525	819	227	941	417	697	103	522	402	577	327	1070	763	497	363	184	266	771	465	131	518	315	309	0	181	143	537	607	814	234	169	430	735	651	687	692	522	108	597	583	195	494	87	673	199	1066	890	794	146	841	936	186	523	641	606	610	750	798	769	219	720	1106	821	146	475	367	498	810	242	589	584	320	470	455	659	283	976	925	475	154	962	397	425	898	740	659	499	962	736	
508	87	424	817	836	254	533	307	331	91	812	824	524	668	403	828	87	787	263	481	568	409	478	104	114	551	214	766	290	596	531	520	760	53	854	355	521	284	640	223	652	465	995	677	614	227	365	341	799	444	310	580	134	391	181	0	285	374	685	736	312	265	345	563	705	757	565	441	200	578	586	93	451	109	730	59	982	805	844	214	707	826	296	404	624	587	522	593	886	710	131	796	1048	687	325	313	407	336	643	146	411	553	354	511	482	582	444	890	832	318	65	878	456	299	829	755	537	594	908	811	
516	371	678	1053	974	50	751	591	58	375	938	996	804	952	460	989	329	992	149	487	845	317	381	364	185	833	499	979	268	881	793	662	961	338	1084	560	804	123	596	506	679	393	1213	906	573	495	160	387	894	603	100	630	410	422	143	285	0	658	705	957	357	293	573	848	762	789	829	665	245	734	718	250	636	177	784	322	1209	1033	906	283	977	1078	62	661	778	743	753	877	886	911	356	816	1247	957	108	597	495	620	928	379	693	722	453	594	584	802	324	1119	1068	600	282	1105	516	561	1040	868	797	592	1102	832	
673	288	200	540	744	623	364	68	705	283	742	673	219	295	559	702	360	583	605	657	268	688	743	304	476	231	164	549	570	230	231	507	566	321	586	321	188	636	822	177	753	715	740	440	800	188	713	539	778	434	668	675	272	578	537	374	658	0	789	502	528	525	267	204	759	832	249	302	495	514	564	437	395	481	783	339	711	546	861	478	359	515	670	179	553	520	322	220	979	527	331	879	827	339	683	62	523	40	273	312	132	476	487	586	543	390	730	621	554	67	383	615	583	165	608	715	241	744	706	890	
191	683	623	744	401	661	520	754	755	687	351	506	1008	948	282	465	771	595	559	220	1057	399	356	625	634	1018	749	610	446	980	704	304	566	686	745	468	974	582	165	790	36	328	796	623	173	637	577	349	256	360	613	114	769	301	607	685	705	789	0	631	380	441	523	970	99	84	735	516	510	346	277	761	410	669	105	642	825	703	218	481	860	827	766	632	344	346	563	895	201	535	576	113	763	847	612	751	286	758	997	575	911	377	338	203	246	544	412	767	755	731	620	749	230	626	642	279	699	117	640	129	
647	663	328	115	342	909	206	528	1014	662	370	219	652	440	588	268	774	90	837	653	687	804	818	632	785	641	607	52	738	546	274	368	92	693	130	398	604	874	757	643	608	780	259	62	747	520	926	631	461	380	914	559	706	632	814	736	957	502	631	0	647	694	392	561	547	620	269	296	718	297	362	827	332	809	559	677	252	80	564	681	297	198	996	352	287	294	214	432	750	98	616	662	326	295	925	520	534	506	532	594	620	280	547	499	470	156	844	163	128	499	698	148	563	451	106	397	264	668	206	665	
196	329	443	754	618	307	450	472	413	334	581	651	735	775	105	638	399	664	211	169	784	171	215	274	254	753	428	657	95	754	558	312	632	322	777	275	713	245	330	463	348	187	889	605	304	342	282	32	538	269	284	285	416	80	234	312	357	528	380	647	0	65	315	732	417	457	596	381	131	389	363	381	315	289	440	277	895	726	560	101	748	801	412	436	429	397	468	705	578	583	226	493	909	729	291	473	138	489	789	235	624	384	102	237	227	498	215	810	769	461	247	795	163	371	713	511	559	283	764	509	
253	296	465	798	681	243	492	465	349	301	645	709	724	788	170	699	352	717	149	224	773	163	224	247	194	745	409	707	48	755	583	371	685	284	824	308	707	185	375	439	410	204	942	649	350	337	232	97	603	322	225	349	379	141	169	265	293	525	441	694	65	0	340	729	482	520	621	416	70	447	425	326	362	229	504	239	944	773	625	53	773	838	347	455	488	455	505	716	636	636	203	554	966	754	233	468	202	486	794	218	611	440	161	302	291	542	205	857	813	459	203	842	228	378	766	576	584	338	821	570	
419	280	128	481	524	525	188	238	629	280	510	488	485	465	311	502	393	442	465	407	534	486	525	242	394	495	267	421	388	466	243	245	415	306	514	55	451	502	566	310	487	492	651	336	546	153	565	314	529	168	542	409	340	341	430	345	573	267	523	392	315	340	0	452	493	566	281	96	343	270	308	438	138	417	517	286	641	464	602	311	433	507	607	124	315	279	181	399	713	366	224	613	703	414	553	235	268	239	492	202	393	237	243	320	277	237	530	550	496	213	306	537	327	110	484	470	245	486	564	624	
869	480	349	557	861	816	490	268	890	475	870	765	108	174	757	805	530	651	805	855	129	892	947	504	672	84	349	613	774	38	305	673	644	511	605	507	65	835	1017	343	936	919	754	507	996	392	913	742	925	610	866	859	442	779	735	563	848	204	970	561	732	729	452	0	928	1004	295	458	699	664	724	611	562	672	950	536	713	578	1015	682	312	496	851	338	696	670	443	135	1151	616	535	1051	860	299	881	264	719	244	91	516	167	626	686	770	727	498	934	634	567	271	581	634	778	364	661	858	314	938	763	1061	
251	691	579	658	302	716	457	731	815	694	252	408	977	889	312	366	787	503	613	278	1024	470	436	634	670	982	740	521	495	935	648	255	476	698	655	442	938	641	263	783	99	404	699	545	267	624	646	385	158	325	674	133	775	342	651	705	762	759	99	547	417	482	493	928	0	77	675	470	547	278	210	788	367	705	25	656	730	615	144	515	792	745	821	591	265	275	503	844	223	449	586	124	664	780	675	728	298	732	949	581	886	312	351	196	231	475	489	675	667	706	640	657	255	603	550	180	641	199	542	133	
273	749	655	730	353	744	534	802	839	753	303	470	1050	966	356	424	842	573	641	302	1098	483	439	691	711	1057	806	593	527	1011	725	331	546	754	725	512	1013	666	240	848	110	412	761	621	251	691	661	426	199	398	696	177	834	379	687	757	789	832	84	620	457	520	566	1004	77	0	752	546	588	355	287	836	442	746	61	711	795	687	139	558	869	818	849	666	342	352	580	921	147	522	643	47	717	857	696	799	352	805	1026	640	959	389	405	256	296	552	496	744	739	779	692	726	301	674	618	239	718	201	603	58	
676	481	156	291	569	786	218	293	884	478	581	470	383	214	581	510	578	358	739	671	419	767	804	469	645	373	388	321	669	285	38	431	349	514	338	324	335	775	815	414	703	769	493	212	798	338	842	594	646	388	813	634	497	615	692	565	829	249	735	269	596	621	281	295	675	752	0	229	617	399	465	646	332	660	695	514	462	301	743	588	152	269	854	169	422	403	172	176	897	321	473	799	585	133	826	285	531	265	283	450	355	363	517	550	508	212	811	372	305	268	549	367	582	269	374	579	38	728	475	807	
447	374	109	388	449	617	92	294	722	374	442	400	511	435	353	418	487	346	550	442	558	550	580	338	489	515	345	325	463	465	194	215	320	402	420	108	471	587	587	386	483	545	555	241	570	239	647	373	476	160	627	410	428	391	522	441	665	302	516	296	381	416	96	458	470	546	229	0	429	212	266	534	106	513	492	382	546	369	561	394	374	422	701	124	251	218	89	379	693	271	320	593	607	357	638	288	303	285	481	298	434	174	293	323	280	141	593	455	404	265	402	442	353	179	388	413	191	500	469	603	
323	243	461	817	732	195	512	431	303	248	700	751	684	770	235	744	287	747	122	294	731	212	279	200	124	706	364	736	90	725	580	417	716	226	845	321	670	159	444	390	478	265	971	668	419	309	225	163	664	358	199	416	322	209	108	200	245	495	510	718	131	70	343	699	547	588	617	429	0	489	475	256	391	159	571	183	970	794	690	38	769	850	294	449	533	498	518	697	706	666	164	623	1002	749	210	435	259	455	766	183	569	477	212	363	347	562	250	880	832	428	141	866	293	360	796	632	583	408	857	638	
352	532	320	412	258	684	181	502	792	533	241	262	723	613	308	256	643	287	596	360	769	527	531	482	588	725	537	289	484	667	373	79	254	551	422	233	682	632	461	580	319	493	511	279	450	422	671	366	265	135	672	263	603	354	597	578	734	514	346	297	389	447	270	664	278	355	399	212	489	0	69	671	133	619	296	519	524	375	351	451	515	486	783	336	46	9	228	570	498	211	447	401	521	503	680	497	257	495	676	432	646	38	287	203	180	198	564	450	425	474	523	432	274	378	338	203	366	372	377	408	
296	550	375	477	257	668	247	545	774	552	226	294	777	679	271	275	658	341	574	308	824	486	482	496	582	781	570	349	458	728	438	67	309	565	483	262	737	608	395	614	250	445	561	348	386	453	639	336	223	147	647	197	625	316	583	586	718	564	277	362	363	425	308	724	210	287	465	266	475	69	0	677	170	615	230	529	579	438	297	437	584	554	769	390	78	69	293	634	432	271	456	334	560	572	653	540	225	542	740	444	695	102	265	149	138	267	520	510	489	518	527	492	228	418	392	170	431	307	419	342	
577	166	511	905	928	234	626	372	284	169	903	917	558	732	480	921	81	880	280	550	598	450	521	196	137	588	273	859	340	646	614	612	853	134	944	448	562	291	700	268	728	514	1086	768	675	312	367	412	887	536	304	659	169	461	195	93	250	437	761	827	381	326	438	611	788	836	646	534	256	671	677	0	544	109	813	152	1071	894	928	280	783	910	242	489	717	680	613	657	959	803	224	873	1141	763	319	380	490	403	696	239	450	646	437	595	568	675	478	980	921	388	150	967	535	384	922	845	620	664	1001	889	
348	401	214	439	390	586	139	375	694	402	374	373	610	540	265	377	513	356	508	346	657	475	497	353	475	615	405	345	406	570	298	112	325	422	462	100	571	545	484	448	377	460	580	291	467	289	594	300	391	57	585	304	470	307	494	451	636	395	410	332	315	362	138	562	367	442	332	106	391	133	170	544	0	504	389	392	582	411	467	353	471	491	680	224	179	142	169	485	589	275	322	489	612	455	595	370	212	372	587	305	525	103	216	218	177	185	517	495	454	348	402	480	255	248	405	332	294	397	468	500	
482	194	513	897	871	145	604	414	225	198	841	875	632	775	393	875	169	854	171	453	675	341	412	191	35	660	323	836	235	705	625	552	823	161	931	415	630	186	598	332	637	408	1068	753	573	322	265	321	815	484	205	574	239	368	87	109	177	481	669	809	289	229	417	672	705	746	660	513	159	619	615	109	504	0	729	146	1058	881	847	190	805	915	194	494	664	628	598	700	865	773	193	782	1112	785	220	420	411	443	751	216	519	601	360	516	495	654	369	967	912	423	112	954	450	391	898	779	630	567	970	797	
271	716	601	669	300	737	477	755	836	719	250	412	999	909	336	368	812	512	635	298	1046	488	452	658	694	1004	765	532	517	957	668	277	485	723	665	466	960	662	270	808	113	421	704	560	278	649	665	408	151	349	695	155	800	364	673	730	784	783	105	559	440	504	517	950	25	61	695	492	571	296	230	813	389	729	0	681	736	626	123	539	809	757	842	613	281	293	523	864	202	461	611	105	664	798	695	752	323	756	970	606	910	332	376	221	256	493	506	683	678	730	665	665	279	627	557	181	661	214	545	112	
470	60	369	760	777	284	474	272	371	65	754	765	508	630	361	769	131	728	272	443	554	395	461	46	137	533	189	707	273	567	479	463	701	45	797	296	499	299	607	209	607	443	936	619	581	176	379	303	745	386	330	534	140	353	199	59	322	339	642	677	277	239	286	536	656	711	514	382	183	519	529	152	392	146	681	0	924	747	791	186	659	771	340	350	565	528	464	555	843	651	73	752	989	639	345	277	359	300	612	87	393	494	306	460	429	523	433	833	775	278	45	820	412	246	770	698	485	556	849	767	
875	907	565	172	453	1161	458	749	1266	905	499	325	817	555	829	375	1015	238	1089	884	841	1047	1055	878	1035	797	839	238	988	688	482	602	270	937	129	650	770	1126	969	870	809	1017	56	305	963	762	1176	877	606	626	1166	773	942	874	1066	982	1209	711	825	252	895	944	641	713	730	795	462	546	970	524	579	1071	582	1058	736	924	0	177	703	933	403	219	1247	587	501	519	460	578	901	315	865	829	177	414	1176	741	776	723	658	843	813	517	793	726	704	408	1086	93	157	722	947	104	798	690	187	556	472	883	199	828	
726	730	388	44	385	985	282	580	1090	728	420	253	677	439	668	306	839	121	914	732	707	884	898	701	858	661	665	94	817	558	315	447	142	760	51	474	628	951	833	698	682	860	195	128	824	585	1005	711	518	460	991	635	766	712	890	805	1033	546	703	80	726	773	464	578	615	687	301	369	794	375	438	894	411	881	626	747	177	0	621	758	287	143	1070	411	362	371	283	444	811	168	688	727	284	291	1002	572	614	555	537	666	656	359	627	577	549	232	924	86	52	552	770	73	643	513	97	457	305	745	193	729	
394	823	670	665	250	860	527	840	959	826	205	381	1072	955	455	329	922	501	757	421	1119	611	572	766	812	1076	861	528	639	1017	720	357	479	832	653	553	1032	785	379	904	233	542	664	579	390	743	788	529	103	436	818	277	905	486	794	844	906	861	218	564	560	625	602	1015	144	139	743	561	690	351	297	928	467	847	123	791	703	621	0	657	839	760	965	685	321	345	575	916	199	468	720	147	606	831	818	837	438	839	1023	713	992	389	491	333	362	532	627	666	673	815	779	648	398	712	540	168	712	333	506	138	
297	243	432	781	694	233	476	416	341	248	662	713	673	748	203	706	301	709	156	270	721	214	277	194	155	695	357	698	92	708	550	379	678	231	809	286	657	193	426	386	449	257	933	632	400	290	254	132	628	320	233	384	326	181	146	214	283	478	481	681	101	53	311	682	515	558	588	394	38	451	437	280	353	190	539	186	933	758	657	0	740	816	332	420	495	460	483	675	679	628	151	594	964	720	244	420	223	439	749	168	559	439	174	328	309	526	255	844	797	412	150	829	260	337	758	594	553	384	819	610	
819	620	308	256	635	935	341	416	1030	617	657	516	417	153	727	565	711	385	890	815	439	919	954	615	792	396	515	348	821	285	190	560	389	654	303	474	370	926	954	535	831	919	447	263	938	483	994	744	738	528	964	764	625	765	841	707	977	359	860	297	748	773	433	312	792	869	152	374	769	515	584	783	471	805	809	659	403	287	839	740	0	184	999	320	528	517	302	178	1010	380	622	914	557	20	977	408	677	385	255	599	431	483	667	685	646	317	963	328	264	396	696	330	726	416	381	671	189	865	480	920	
829	744	402	99	528	1031	352	562	1134	741	562	396	600	336	755	449	845	264	972	831	623	966	987	726	896	580	657	233	885	469	297	551	281	777	134	530	553	1009	947	683	803	950	264	208	936	599	1069	789	657	545	1049	749	765	798	936	826	1078	515	827	198	801	838	507	496	745	818	269	422	850	486	554	910	491	915	757	771	219	143	760	816	184	0	1108	422	483	485	333	361	948	296	723	860	379	197	1060	554	701	533	439	700	605	464	706	683	650	307	1007	151	98	537	803	158	740	527	239	594	290	858	324	863	
576	383	707	1088	1026	105	790	602	45	387	992	1045	800	964	516	1038	323	1036	208	547	840	379	442	385	213	830	507	1020	326	886	819	711	1005	349	1121	599	804	185	658	508	740	455	1254	942	635	516	219	443	950	651	161	688	409	479	186	296	62	670	766	996	412	347	607	851	821	849	854	701	294	783	769	242	680	194	842	340	1247	1070	965	332	999	1108	0	688	827	792	788	889	948	955	386	878	1292	979	168	609	549	632	935	408	692	770	505	649	638	841	385	1156	1103	614	306	1143	573	585	1082	923	824	653	1148	894	
