0	918	926	628	281	580	407	453	892	627	
918	0	761	644	637	391	516	490	707	708	
926	761	0	623	721	370	530	473	686	687	
628	644	623	0	363	253	221	194	569	518	
281	637	721	363	0	363	191	248	650	346	
580	391	370	253	363	0	178	127	316	317	
407	516	530	221	191	178	0	57	485	311	
453	490	473	194	248	127	57	0	441	324	
892	707	686	569	650	316	485	441	0	429	
627	708	687	518	346	317	311	324	429	0	
